eye 0 70 1
look 0 0 0
up 0 1 0
d 10
bounds -2 -2 2 2
res 4000 4000 
recursionLevel 10
ambient 0.1 0.1 0.1
light 10 30 10 1 0.8 0.8 0.8
light -10 30 10 1 0.8 0.8 0.8
light 10 30 -10 1 0.8 0.8 0.8
light -10 30 -10 1 0.8 0.8 0.8
light 0 -30 0 1 0.8 0.8 0.8

sphere 0 10 -8 2 0.1 0.1 0.1 0.8 0.8 0.8 0.8 0.8 0.8 0.1 0.1 0.1 0.1 0.1 0.1 1.5
sphere 0 10 -3 2 0.1 0.1 0.1 0.8 0.8 0.8 0.8 0.8 0.8 0.1 0.1 0.1 0.1 0.1 0.1 2.0
sphere 0 10 3 2 0.1 0.1 0.1 0.8 0.8 0.8 0.8 0.8 0.8 0.1 0.1 0.1 0.1 0.1 0.1 0.5
sphere 0 10 8 2 0.1 0.1 0.1 0.8 0.8 0.8 0.8 0.8 0.8 0.1 0.1 0.1 0.1 0.1 0.1 0.66666666
sphere -8 10 0 2 0.1 0.1 0.1 0.8 0.8 0.8 0.8 0.8 0.8 0.1 0.1 0.1 0.1 0.1 0.1 0.8
sphere -3 10 0 2 0.1 0.1 0.1 0.8 0.8 0.8 0.8 0.8 0.8 0.1 0.1 0.1 0.1 0.1 0.1 0.571428
sphere 3 10 0 2 0.1 0.1 0.1 0.8 0.8 0.8 0.8 0.8 0.8 0.1 0.1 0.1 0.1 0.1 0.1 1.75
sphere 8 10 0 2 0.1 0.1 0.1 0.8 0.8 0.8 0.8 0.8 0.8 0.1 0.1 0.1 0.1 0.1 0.1 1.25
sphere 0 30 0 1.5 0.1 0.1 0.1 0.8 0.8 0.8 0.8 0.8 0.8 0.1 0.1 0.1 0.1 0.1 0.1 1.25
model 0 0 1 0 1.5 0 0 0 rainbow_surface.obj
