eye 50 50 100
look 50 50 10
up 0 1 0
d 5
bounds -2.5 -2.5 2.5 2.5
res 512 512
recursionLevel 3
ambient 0.2 0.2 0.2
light 60 60 60 1 0.8 0.8 0.8
sphere 70 50 10 9 0.2 0.2 0.2 1.0 1.0 1.0 0.50 0.50 0.50 0.9 0.9 0.9
sphere 30 50 10 9 0.7 0.6 0.2 0.1 0.1 0.7 0.50 0.50 0.50 0.9 0.9 0.9
sphere 50 30 10 9 0.2 0.7 0.2 0.7 0.1 0.1 0.50 0.50 0.50 0.9 0.9 0.9
sphere 50 70 10 9 0.2 0.7 0.2 0.7 0.1 0.1 0.50 0.50 0.50 0.9 0.9 0.9
sphere 50 50 -100 100 0.2 0.2 0.2 0.8 0.2 0.2 0.8 0.2 0.2
# sphere 50 50 70 5 0.2 0.2 0.2 1.0 1.0 1.0 0.5 0.5 0.5 0.9 0.9 0.9 0.1 0.1 0.1 1.4
sphere 70 70 10 7 0.2 0.2 0.2 1.0 1.0 1.0 0.5 0.5 0.5 0.1 0.1 0.1 0.1 0.1 0.1 $CUBE_COEFF
sphere 30 30 10 7 0.2 0.2 0.2 1.0 1.0 1.0 0.5 0.5 0.5 0.1 0.1 0.1 0.1 0.1 0.1 $CUBE_COEFF
sphere 30 70 10 7 0.2 0.2 0.2 1.0 1.0 1.0 0.5 0.5 0.5 0.1 0.1 0.1 0.1 0.1 0.1 $CUBE_COEFF
sphere 70 30 10 7 0.2 0.2 0.2 1.0 1.0 1.0 0.5 0.5 0.5 0.1 0.1 0.1 0.1 0.1 0.1 $CUBE_COEFF
sphere 50 50 90 1 0.2 0.2 0.2 1.0 1.0 1.0 0.5 0.5 0.5 0.9 0.9 0.9 0.5 0.5 0.5 $CUBE_COEFF
