eye 0 10 70
look 0 0 0
up 0 1 0
d 10
bounds -3.55555555 -2  3.55555 2
res 8000 4500
light 0 10 70 1 0.5 0.5 0.5
light 5 -9 10 1 0.4 0.2 0.2
light 0 5 -5 1 0.5 0.5 0.5
light 0 5 10 1 0.5 0.5 0.5
light -5 -9 10 1 0.8 0.2 0.2
recursionLevel 5
ambient 0.1 0.1 0.1
model 1.0 0.0 0.0 0 5 0 0 0 dragon-texture.obj
sphere 0 5 -21 6 0.2 0.2 0.2 0.2 0.2 0.2 0 0 0 1 1 1
sphere -5 0 5 2 0.2 0.2 0.2 0.2 0.2 0.2 0 0 0 1 1 1 
sphere 5 -2 5 2 0.2 0.2 0.2 0.2 0.2 0.2 0 0 0 1 1 1
sphere -9 8 10 3 0.2 0.2 0.2 0.2 0.2 0.2 0 0 0 1 1 1 0.1 0.1 0.1 0.5
sphere 9 8 10 3 0.2 0.2 0.2 0.2 0.2 0.2 0 0 0 1 1 1 0.1 0.1 0.1 0.5
sphere 9 0 10 3 0.2 0.2 0.2 0.2 0.2 0.2 0 0 0 1 1 1 0.1 0.1 0.1 3.0
sphere -9 0 10 3 0.2 0.2 0.2 0.2 0.2 0.2 0 0 0 1 1 1 0.1 0.1 0.1 3.0
sphere 0 2 40 2 0.2 0.2 0.2 0.2 0.2 0.2 0 0 0 1 1 1 0.1 0.1 0.1 2.0
model 0.0 1.0 0.0 20 0.2 0 -13 0 temple.obj
model 0.0 1.0 0.0 0 5 0 -17 0 wall.obj
model 1.0 0.0 0.0 90 5 0 -17 -290 wall.obj
model 1.0 0.0 0.0 -90 5 0 -17 90 wall.obj
